y = 0.00687710033846x + 0.102946810057

y = -0.0121333468461x + 0.0519275154446
